Ba: 0.0
Ba2Hg: -0.38948447666666675
Ba2NaO: -1.3293981750000006
BaHg: -0.5327600275000002
BaHg3: -0.43899605124999996
BaHgO2: -1.63380062375
BaNa: -0.035492750000000184
BaNaHg2: -0.37654215
BaO: -2.5428042775
BaO2: -1.916946318333335
Hg: 0.0
HgO: -0.2540081275000001
Na: 0.0
Na2HgO2: -1.0849430100000004
Na2O: -1.2675801866666667
Na2O2: -1.139002005000001
Na3Hg2: -0.21364063050000004
NaHg: -0.24332209500000002
NaHg2: -0.239541585
NaHg3: -0.19219867375
NaO2: -0.739073942500001
O: 0.0
