Ba: -1.810402275
Hg: -0.26736515
Na: -1.397879955
O: -6.98492734
